25
1.6351    1.3126    1.4921    1.6113    0.7894    1.4327    0.5845    0.9427    1.2080    1.6412    0.2685	1.0477    1.3647    1.4287    0.7215    1.0227    0.9049    0.9657    1.1606    0.0573    0.4911    0.5457	 1.3069    1.7605    1.3186
1.3126    0.5425    0.5543    0.9144    0.3212    1.9016    1.1183    1.4278    0.9942    0.8207    1.4680  0.5966    1.1711    1.0238    0.4531    1.0474    1.7459    0.6293    0.3930    1.5997    1.6722    1.4664   0.9296    0.3806    1.1250
1.4921    0.5543    0.9935    1.7205    1.0048    0.9161    0.9111    0.5371    0.5323    1.1610    1.0539  1.2564    0.8669    0.7592    0.5803    1.5145    1.4287    0.4305    0.8905    0.4260    0.7114    1.4844   1.8682    0.9274    0.9144
1.6113    0.9144    1.7205    1.3452    0.5928    0.6131    1.1179    1.1862    1.8093    0.8714    1.1635  1.0799    0.5402    1.4412    0.8669    1.3707    1.6189    0.2711    1.2973    0.9540    0.7634    1.0044   0.9176    0.9559    1.2999
0.7894    0.3212    1.0048    0.5928    1.5180    1.4378    1.6630    1.7527    1.1796    1.3723    1.4326  1.0681    1.7000    0.0911    1.1487    1.3882    0.6109    1.5975    1.2412    1.0342    0.1886    0.8435   0.8985    0.5739    0.2990
1.4327    1.9016    0.9161    0.6131    1.4378    0.9621    0.6171    0.7398    1.7335    1.4124    0.7640  1.2454    1.1206    0.4658    1.4736    0.4962    1.5301    1.7413    1.4362    0.9729    1.4280    0.3357   0.9863    1.3440    0.9592
0.5845    1.1183    0.9111    1.1179    1.6630    0.6171    0.1528    0.6945    1.4124    1.1154    0.6443  1.2866    0.9299    1.5351    1.0666    0.7304    1.0819    0.3634    0.2531    0.5157    0.9280    1.9023   1.4931    1.0451    0.7000
0.9427    1.4278    0.5371    1.1862    1.7527    0.7398    0.6945    1.6457    0.3790    0.3580    0.5711  1.5994    0.7201    1.0210    0.6507    0.7816    0.7252    1.0890    0.3029    0.9369    1.6795    0.8531   0.6314    0.3935    0.5945
1.2080    0.9942    0.5323    1.8093    1.1796    1.7335    1.4124    0.3790    1.5403    1.5033    1.2218  0.9525    0.2184    1.6220    1.0225    0.6887    1.0455    0.8917    0.7168    0.3024    1.1449    0.8745   0.4044    0.9172    0.9657
1.6412    0.8207    1.1610    0.8714    1.3723    1.4124    1.1154    0.3580    1.5033    0.6009    1.1341  0.2457    1.1352    0.8468    1.0239    0.5129    1.1910    1.1965    1.1865    1.3920    1.6132    0.9067   0.7571    0.1716    0.7304
0.2685    1.4680    1.0539    1.1635    1.4326    0.7640    0.6443    0.5711    1.2218    1.1341    1.5185  0.2829    0.6524    0.5673    1.1929    0.6477    1.3876    1.5869    1.3004    1.0443    1.4676    0.9739   1.2740    0.4365    1.2221
1.0477    0.5966    1.2564    1.0799    1.0681    1.2454    1.2866    1.5994    0.9525    0.2457    0.2829  0.5522    1.3454    1.3798    1.2747    0.5808    1.2765    0.9035    0.8912    0.8552    1.0984    0.6028   1.2767    0.9362    1.5836
1.3647    1.1711    0.8669    0.5402    1.7000    1.1206    0.9299    0.7201    0.2184    1.1352    0.6524  1.3454    0.0780    1.5660    1.0743    1.7811    0.7552    1.4088    0.9472    1.0172    0.5087    1.0581   0.9733    0.1461    1.5150
1.4287    1.0238    0.7592    1.4412    0.0911    0.4658    1.5351    1.0210    1.6220    0.8468    0.5673  1.3798    1.5660    1.7875    1.7223    0.8767    1.1364    0.4216    1.0133    0.9080    0.5121    0.9637   1.0960    1.0387    1.1277
0.7215    0.4531    0.5803    0.8669    1.1487    1.4736    1.0666    0.6507    1.0225    1.0239    1.1929  1.2747    1.0743    1.7223    1.7764    0.8855    1.2398    0.4715    0.9517    1.0305    1.4577    0.2923   0.9566    1.7387    1.6066
1.0227    1.0474    1.5145    1.3707    1.3882    0.4962    0.7304    0.7816    0.6887    0.5129    0.6477  0.5808    1.7811    0.8767    0.8855    0.7885    0.7065    0.5999    0.8276    0.9106    0.8853    1.2734   0.6029    0.8283    1.6114
0.9049    1.7459    1.4287    1.6189    0.6109    1.5301    1.0819    0.7252    1.0455    1.1910    1.3876  1.2765    0.7552    1.1364    1.2398    0.7065    1.9187    0.7445    1.1763    0.7357    0.9263    0.8499   1.7076    0.5019    1.2089
0.9657    0.6293    0.4305    0.2711    1.5975    1.7413    0.3634    1.0890    0.8917    1.1965    1.5869  0.9035    1.4088    0.4216    0.4715    0.5999    0.7445    0.5622    1.1146    1.1122    1.0445    1.6507   0.7267    0.9536    0.1615
1.1606    0.3930    0.8905    1.2973    1.2412    1.4362    0.2531    0.3029    0.7168    1.1865    1.3004  0.8912    0.9472    1.0133    0.9517    0.8276    1.1763    1.1146    1.8020    1.2947    0.3988    0.5106   0.7735    1.4138    0.9516
0.0573    1.5997    0.4260    0.9540    1.0342    0.9729    0.5157    0.9369    0.3024    1.3920    1.0443  0.8552    1.0172    0.9080    1.0305    0.9106    0.7357    1.1122    1.2947    1.3681    0.9461    1.2268   0.4650    0.7359    1.7364
0.4911    1.6722    0.7114    0.7634    0.1886    1.4280    0.9280    1.6795    1.1449    1.6132    1.4676  1.0984    0.5087    0.5121    1.4577    0.8853    0.9263    1.0445    0.3988    0.9461    0.2058    0.8805   1.2225    1.6264    0.9060
0.5457    1.4664    1.4844    1.0044    0.8435    0.3357    1.9023    0.8531    0.8745    0.9067    0.9739  0.6028    1.0581    0.9637    0.2923    1.2734    0.8499    1.6507    0.5106    1.2268    0.8805    1.8847   1.2885    1.0023    0.5748
1.3069    0.9296    1.8682    0.9176    0.8985    0.9863    1.4931    0.6314    0.4044    0.7571    1.2740  1.2767    0.9733    1.0960    0.9566    0.6029    1.7076    0.7267    0.7735    0.4650    1.2225    1.2885   0.1009    0.9227    1.0561
1.7605    0.3806    0.9274    0.9559    0.5739    1.3440    1.0451    0.3935    0.9172    0.1716    0.4365  0.9362    0.1461    1.0387    1.7387    0.8283    0.5019    0.9536    1.4138    0.7359    1.6264    1.0023   0.9227    0.6254    0.3357
1.3186    1.1250    0.9144    1.2999    0.2990    0.9592    0.7000    0.5945    0.9657    0.7304    1.2221  1.5836    1.5150    1.1277    1.6066    1.6114    1.2089    0.1615    0.9516    1.7364    0.9060    0.5748   1.0561    0.3357    0.8812
 
   
   