8
11 73 1 4 43 23 54 65
21 2 23 24 3 4 66 97
31 32 3 34 73 26 37
1 42 43 14 1 963 6 8
54 6 96 87 12 3 77 9 
63 9 321 798 62 7 9 54
56 97 32 78 6 5 98 4
45 9 41 78 98 21 49 2



4
11 12 13 14
21 22 23 24
31 32 33 34
41 42 43 44



24
0.8147 0.0975 0.1576 0.4350 0.3568 0.2345 0.6542 0.8912 0.2864 0.3217 0.1644 0.3274 0.8147 0.0975 0.1576 0.4350 0.3568 0.2345 0.6542 0.8912 0.2864 0.3217 0.1644 0.3274
0.9058 0.2785 0.9706 0.7654 0.6513 0.2145 0.7532 0.8946 0.7558 0.6754 0.9823 0.1547 0.9058 0.2785 0.9706 0.7654 0.6513 0.2145 0.7532 0.8946 0.7558 0.6754 0.9823 0.1547
0.1270 0.5469 0.9572 0.6314 0.1235 0.3674 0.1261 0.1945 0.9352 0.6543 0.6947 0.8395 0.1270 0.5469 0.9572 0.6314 0.1235 0.3674 0.1261 0.1945 0.9352 0.6543 0.6947 0.8395
0.9134 0.9575 0.4854 0.6451 0.6356 0.6495 0.1735 0.6598 0.5462 0.1256 0.7643 0.8532 0.9134 0.9575 0.4854 0.6451 0.6356 0.6495 0.1735 0.6598 0.5462 0.1256 0.7643 0.8532
0.6324 0.9649 0.8003 0.3459 0.5648 0.6599 0.6452 0.6549 0.3489 0.4678 0.1235 0.9469 0.6324 0.9649 0.8003 0.3459 0.5648 0.6599 0.6452 0.6549 0.3489 0.4678 0.1235 0.9469
0.8147 0.0975 0.1576 0.4350 0.3568 0.2345 0.6542 0.8912 0.2864 0.3217 0.1644 0.3274 0.8147 0.0975 0.1576 0.4350 0.3568 0.2345 0.6542 0.8912 0.2864 0.3217 0.1644 0.3274
0.9058 0.2785 0.9706 0.7654 0.6513 0.2145 0.7532 0.8946 0.7558 0.6754 0.9823 0.1547 0.9058 0.2785 0.9706 0.7654 0.6513 0.2145 0.7532 0.8946 0.7558 0.6754 0.9823 0.1547
0.1270 0.5469 0.9572 0.6314 0.1235 0.3674 0.1261 0.1945 0.9352 0.6543 0.6947 0.8395 0.1270 0.5469 0.9572 0.6314 0.1235 0.3674 0.1261 0.1945 0.9352 0.6543 0.6947 0.8395
0.9134 0.9575 0.4854 0.6451 0.6356 0.6495 0.1735 0.6598 0.5462 0.1256 0.7643 0.8532 0.9134 0.9575 0.4854 0.6451 0.6356 0.6495 0.1735 0.6598 0.5462 0.1256 0.7643 0.8532
0.6324 0.9649 0.8003 0.3459 0.5648 0.6599 0.6452 0.6549 0.3489 0.4678 0.1235 0.9469 0.6324 0.9649 0.8003 0.3459 0.5648 0.6599 0.6452 0.6549 0.3489 0.4678 0.1235 0.9469
0.8147 0.0975 0.1576 0.4350 0.3568 0.2345 0.6542 0.8912 0.2864 0.3217 0.1644 0.3274 0.8147 0.0975 0.1576 0.4350 0.3568 0.2345 0.6542 0.8912 0.2864 0.3217 0.1644 0.3274
0.9058 0.2785 0.9706 0.7654 0.6513 0.2145 0.7532 0.8946 0.7558 0.6754 0.9823 0.1547 0.9058 0.2785 0.9706 0.7654 0.6513 0.2145 0.7532 0.8946 0.7558 0.6754 0.9823 0.1547
0.1270 0.5469 0.9572 0.6314 0.1235 0.3674 0.1261 0.1945 0.9352 0.6543 0.6947 0.8395 0.1270 0.5469 0.9572 0.6314 0.1235 0.3674 0.1261 0.1945 0.9352 0.6543 0.6947 0.8395
0.9134 0.9575 0.4854 0.6451 0.6356 0.6495 0.1735 0.6598 0.5462 0.1256 0.7643 0.8532 0.9134 0.9575 0.4854 0.6451 0.6356 0.6495 0.1735 0.6598 0.5462 0.1256 0.7643 0.8532
0.6324 0.9649 0.8003 0.3459 0.5648 0.6599 0.6452 0.6549 0.3489 0.4678 0.1235 0.9469 0.6324 0.9649 0.8003 0.3459 0.5648 0.6599 0.6452 0.6549 0.3489 0.4678 0.1235 0.9469
0.8147 0.0975 0.1576 0.4350 0.3568 0.2345 0.6542 0.8912 0.2864 0.3217 0.1644 0.3274 0.8147 0.0975 0.1576 0.4350 0.3568 0.2345 0.6542 0.8912 0.2864 0.3217 0.1644 0.3274
0.9058 0.2785 0.9706 0.7654 0.6513 0.2145 0.7532 0.8946 0.7558 0.6754 0.9823 0.1547 0.9058 0.2785 0.9706 0.7654 0.6513 0.2145 0.7532 0.8946 0.7558 0.6754 0.9823 0.1547
0.1270 0.5469 0.9572 0.6314 0.1235 0.3674 0.1261 0.1945 0.9352 0.6543 0.6947 0.8395 0.1270 0.5469 0.9572 0.6314 0.1235 0.3674 0.1261 0.1945 0.9352 0.6543 0.6947 0.8395
0.9134 0.9575 0.4854 0.6451 0.6356 0.6495 0.1735 0.6598 0.5462 0.1256 0.7643 0.8532 0.9134 0.9575 0.4854 0.6451 0.6356 0.6495 0.1735 0.6598 0.5462 0.1256 0.7643 0.8532
0.6324 0.9649 0.8003 0.3459 0.5648 0.6599 0.6452 0.6549 0.3489 0.4678 0.1235 0.9469 0.6324 0.9649 0.8003 0.3459 0.5648 0.6599 0.6452 0.6549 0.3489 0.4678 0.1235 0.9469












